thread number,,hour,minute,second,mili,,,thread number,,
1,Begin ,15,55,23,486,,,1,,3323486
1, End ,15,55,23,502,,,1,16,3323502
2,Begin ,15,55,23,502,,,2,,3323502
2, End ,15,55,23,517,,,2,15,3323517
3,Begin ,15,55,23,517,,,3,,3323517
3, End ,15,55,23,549,,,3,32,3323549
4,Begin ,15,55,23,549,,,4,,3323549
4, End ,15,55,23,586,,,4,37,3323586
5,Begin ,15,55,23,586,,,5,,3323586
5, End ,15,55,23,618,,,5,32,3323618
6,Begin ,15,55,23,618,,,6,,3323618
6, End ,15,55,23,649,,,6,31,3323649
7,Begin ,15,55,23,649,,,7,,3323649
7, End ,15,55,23,687,,,7,38,3323687
8,Begin ,15,55,23,687,,,8,,3323687
8, End ,15,55,23,718,,,8,31,3323718
9,Begin ,15,55,23,718,,,9,,3323718
9, End ,15,55,23,749,,,9,31,3323749
10,Begin ,15,55,23,749,,,10,,3323749
10, End ,15,55,23,787,,,10,38,3323787
11,Begin ,15,55,23,803,,,11,,3323803
11, End ,15,55,23,834,,,11,31,3323834
12,Begin ,15,55,23,834,,,12,,3323834
12, End ,15,55,23,872,,,12,38,3323872
13,Begin ,15,55,23,872,,,13,,3323872
13, End ,15,55,23,919,,,13,47,3323919
14,Begin ,15,55,23,919,,,14,,3323919
14, End ,15,55,23,972,,,14,53,3323972
15,Begin ,15,55,23,972,,,15,,3323972
15, End ,15,55,24,19,,,15,47,3324019
16,Begin ,15,55,24,19,,,16,,3324019
16, End ,15,55,24,77,,,16,58,3324077
17,Begin ,15,55,24,79,,,17,,3324079
17, End ,15,55,24,128,,,17,49,3324128
18,Begin ,15,55,24,130,,,18,,3324130
18, End ,15,55,24,181,,,18,51,3324181
19,Begin ,15,55,24,183,,,19,,3324183
19, End ,15,55,24,239,,,19,56,3324239
20,Begin ,15,55,24,241,,,20,,3324241
20, End ,15,55,24,290,,,20,49,3324290
21,Begin ,15,55,24,292,,,21,,3324292
21, End ,15,55,24,385,,,21,93,3324385
22,Begin ,15,55,24,385,,,22,,3324385
22, End ,15,55,24,423,,,22,38,3324423
23,Begin ,15,55,24,438,,,23,,3324438
23, End ,15,55,24,485,,,23,47,3324485
24,Begin ,15,55,24,485,,,24,,3324485
24, End ,15,55,24,539,,,24,54,3324539
25,Begin ,15,55,24,539,,,25,,3324539
25, End ,15,55,24,601,,,25,62,3324601
26,Begin ,15,55,24,601,,,26,,3324601
26, End ,15,55,24,654,,,26,53,3324654
27,Begin ,15,55,24,654,,,27,,3324654
27, End ,15,55,24,701,,,27,47,3324701
28,Begin ,15,55,24,701,,,28,,3324701
28, End ,15,55,24,770,,,28,69,3324770
29,Begin ,15,55,24,770,,,29,,3324770
29, End ,15,55,24,854,,,29,84,3324854
30,Begin ,15,55,24,870,,,30,,3324870
30, End ,15,55,24,923,,,30,53,3324923
31,Begin ,15,55,24,923,,,31,,3324923
31, End ,15,55,24,986,,,31,63,3324986
32,Begin ,15,55,24,986,,,32,,3324986
32, End ,15,55,25,39,,,32,53,3325039
33,Begin ,15,55,25,39,,,33,,3325039
33, End ,15,55,25,119,,,33,80,3325119
34,Begin ,15,55,25,121,,,34,,3325121
34, End ,15,55,25,170,,,34,49,3325170
35,Begin ,15,55,25,186,,,35,,3325186
35, End ,15,55,25,286,,,35,100,3325286
36,Begin ,15,55,25,286,,,36,,3325286
36, End ,15,55,25,355,,,36,69,3325355
37,Begin ,15,55,25,355,,,37,,3325355
37, End ,15,55,25,420,,,37,65,3325420
38,Begin ,15,55,25,422,,,38,,3325422
38, End ,15,55,25,470,,,38,48,3325470
39,Begin ,15,55,25,470,,,39,,3325470
39, End ,15,55,25,624,,,39,154,3325624
40,Begin ,15,55,25,624,,,40,,3325624
40, End ,15,55,25,702,,,40,78,3325702
41,Begin ,15,55,25,702,,,41,,3325702
41, End ,15,55,25,771,,,41,69,3325771
42,Begin ,15,55,25,771,,,42,,3325771
42, End ,15,55,25,855,,,42,84,3325855
43,Begin ,15,55,25,855,,,43,,3325855
43, End ,15,55,25,924,,,43,69,3325924
44,Begin ,15,55,25,924,,,44,,3325924
44, End ,15,55,25,987,,,44,63,3325987
45,Begin ,15,55,26,2,,,45,,3326002
45, End ,15,55,26,71,,,45,69,3326071
46,Begin ,15,55,26,71,,,46,,3326071
46, End ,15,55,26,140,,,46,69,3326140
47,Begin ,15,55,26,140,,,47,,3326140
47, End ,15,55,26,220,,,47,80,3326220
48,Begin ,15,55,26,222,,,48,,3326222
48, End ,15,55,26,356,,,48,134,3326356
49,Begin ,15,55,26,371,,,49,,3326371
49, End ,15,55,26,440,,,49,69,3326440
50,Begin ,15,55,26,440,,,50,,3326440
50, End ,15,55,26,520,,,50,80,3326520
51,Begin ,15,55,26,522,,,51,,3326522
51, End ,15,55,26,640,,,51,118,3326640
52,Begin ,15,55,26,640,,,52,,3326640
52, End ,15,55,26,802,,,52,162,3326802
53,Begin ,15,55,26,802,,,53,,3326802
53, End ,15,55,26,888,,,53,86,3326888
54,Begin ,15,55,26,890,,,54,,3326890
54, End ,15,55,26,971,,,54,81,3326971
55,Begin ,15,55,26,971,,,55,,3326971
55, End ,15,55,27,74,,,55,103,3327074
56,Begin ,15,55,27,74,,,56,,3327074
56, End ,15,55,27,173,,,56,99,3327173
57,Begin ,15,55,27,175,,,57,,3327175
57, End ,15,55,27,253,,,57,78,3327253
58,Begin ,15,55,27,253,,,58,,3327253
58, End ,15,55,27,337,,,58,84,3327337
59,Begin ,15,55,27,337,,,59,,3327337
59, End ,15,55,27,438,,,59,101,3327438
60,Begin ,15,55,27,438,,,60,,3327438
60, End ,15,55,27,554,,,60,116,3327554
61,Begin ,15,55,27,554,,,61,,3327554
61, End ,15,55,27,638,,,61,84,3327638
62,Begin ,15,55,27,654,,,62,,3327654
62, End ,15,55,27,722,,,62,68,3327722
63,Begin ,15,55,27,738,,,63,,3327738
63, End ,15,55,27,806,,,63,68,3327806
,,,,,,,,,,
,,,,,,,,,,
1,,,,,,,,,,
1,16,,,,,,,,,
2,,,,,,,,,,
2,15,,,,,,,,,
3,,,,,,,,,,
3,32,,,,,,,,,
4,,,,,,,,,,
4,37,,,,,,,,,
5,,,,,,,,,,
5,32,,,,,,,,,
6,,,,,,,,,,
6,31,,,,,,,,,
7,,,,,,,,,,
7,38,,,,,,,,,
8,,,,,,,,,,
8,31,,,,,,,,,
9,,,,,,,,,,
9,31,,,,,,,,,
10,,,,,,,,,,
10,38,,,,,,,,,
11,,,,,,,,,,
11,31,,,,,,,,,
12,,,,,,,,,,
12,38,,,,,,,,,
13,,,,,,,,,,
13,47,,,,,,,,,
14,,,,,,,,,,
14,53,,,,,,,,,
15,,,,,,,,,,
15,47,,,,,,,,,
16,,,,,,,,,,
16,58,,,,,,,,,
17,,,,,,,,,,
17,49,,,,,,,,,
18,,,,,,,,,,
18,51,,,,,,,,,
19,,,,,,,,,,
19,56,,,,,,,,,
20,,,,,,,,,,
20,49,,,,,,,,,
21,,,,,,,,,,
21,93,,,,,,,,,
22,,,,,,,,,,
22,38,,,,,,,,,
23,,,,,,,,,,
23,47,,,,,,,,,
24,,,,,,,,,,
24,54,,,,,,,,,
25,,,,,,,,,,
25,62,,,,,,,,,
26,,,,,,,,,,
26,53,,,,,,,,,
27,,,,,,,,,,
27,47,,,,,,,,,
28,,,,,,,,,,
28,69,,,,,,,,,
29,,,,,,,,,,
29,84,,,,,,,,,
30,,,,,,,,,,
30,53,,,,,,,,,
31,,,,,,,,,,
31,63,,,,,,,,,
32,,,,,,,,,,
32,53,,,,,,,,,
33,,,,,,,,,,
33,80,,,,,,,,,
34,,,,,,,,,,
34,49,,,,,,,,,
35,,,,,,,,,,
35,100,,,,,,,,,
36,,,,,,,,,,
36,69,,,,,,,,,
37,,,,,,,,,,
37,65,,,,,,,,,
38,,,,,,,,,,
38,48,,,,,,,,,
39,,,,,,,,,,
39,154,,,,,,,,,
40,,,,,,,,,,
40,78,,,,,,,,,
41,,,,,,,,,,
41,69,,,,,,,,,
42,,,,,,,,,,
42,84,,,,,,,,,
43,,,,,,,,,,
43,69,,,,,,,,,
44,,,,,,,,,,
44,63,,,,,,,,,
45,,,,,,,,,,
45,69,,,,,,,,,
46,,,,,,,,,,
46,69,,,,,,,,,
47,,,,,,,,,,
47,80,,,,,,,,,
48,,,,,,,,,,
48,134,,,,,,,,,
49,,,,,,,,,,
49,69,,,,,,,,,
50,,,,,,,,,,
50,80,,,,,,,,,
51,,,,,,,,,,
51,118,,,,,,,,,
52,,,,,,,,,,
52,162,,,,,,,,,
53,,,,,,,,,,
53,86,,,,,,,,,
54,,,,,,,,,,
54,81,,,,,,,,,
55,,,,,,,,,,
55,103,,,,,,,,,
56,,,,,,,,,,
56,99,,,,,,,,,
57,,,,,,,,,,
57,78,,,,,,,,,
58,,,,,,,,,,
58,84,,,,,,,,,
59,,,,,,,,,,
59,101,,,,,,,,,
60,,,,,,,,,,
60,116,,,,,,,,,
61,,,,,,,,,,
61,84,,,,,,,,,
62,,,,,,,,,,
62,68,,,,,,,,,
63,,,,,,,,,,
63,68,,,,,,,,,
